
63060602880
60000002048
143181217792
51524042752
115524870144
60000002048
72999174144
101103484928
51524042752
96630603776
69556445184
1875000064
1694851584
6442450944
69556445184
92317442048
51524042752
76576890880
88159682560
1235777792
57059401728
101103484928
92317442048
ID:5
80293535744
51524042752
96630603776
60000002048
63060602880
115524870144
120681431040
101103484928
96630603776
3019706368
2754990080
6442450944
69556445184
92317442048
51524042752
76576890880
88159682560
1235777792
57059401728
101103484928
92317442048
ID:6